
0.0000          NaN
0.20000         NaN
0.40000         NaN
0.60000         NaN
0.80000         NaN
1.0000          NaN
1.2000          NaN
1.4000          NaN
1.6000          NaN
1.8000          NaN
2.0000          NaN
2.2000          NaN
2.4000          NaN
2.6000          NaN
2.8000          NaN
3.0000          NaN
3.2000          NaN
3.4000          NaN
3.6000          NaN
3.8000          NaN
4.0000          NaN
4.2000          NaN
4.4000          NaN
4.6000          NaN
4.8000          NaN
5.0000          NaN
5.2000          NaN
5.4000          NaN
5.6000          NaN
5.8000          NaN
6.0000          NaN
6.2000          NaN 
6.4000          NaN
6.6000          NaN
6.8000          NaN
7.0000          NaN
7.2000          NaN
7.4000          NaN
7.6000          NaN
7.8000          NaN
8.0000          NaN
8.2000          NaN
8.4000          NaN
8.6000          NaN
8.8000          NaN
9.0000          NaN
9.2000          NaN
9.4000          NaN
9.6000          NaN
9.8000          NaN
10.000          NaN
10.200          NaN
10.400          NaN
10.600          NaN
10.800          NaN
11.000          NaN
11.200          NaN
11.400          NaN
11.600          NaN
11.800          NaN
12.000          NaN
12.200          NaN
12.400          NaN
12.600          NaN
12.800          NaN
13.000          NaN
13.200          NaN
13.400          NaN
13.600          NaN
13.800          NaN
14.000          NaN
14.200          NaN
14.400          NaN
14.600          NaN
14.800          NaN
15.000          NaN
15.200          NaN
15.400          NaN
15.600          NaN
15.800          NaN
16.000          NaN
16.200          NaN
16.400          NaN
16.600          NaN
16.800          NaN
17.000          NaN
17.200          NaN
17.400          NaN
17.600          NaN
17.800          NaN
18.000          NaN
18.200          NaN
18.400          NaN
18.600          NaN
18.800          NaN
19.000          NaN
19.200          NaN
19.400          NaN
19.600          NaN
19.800          NaN
20.000          NaN
20.000          7.7792E-6
20.200          0.019000
20.400          0.037993
20.600          0.056986
20.800          0.075978
21.000          0.094979
21.200          0.11393
21.400          0.13288
21.600          0.15182
21.800          0.17077
22.000          0.18972
22.200          0.20858
22.400          0.22744
22.600          0.24629
22.800          0.26514
23.000          0.28400
23.200          0.30272
23.400          0.32144
23.600          0.34015
23.800          0.35886
24.000          0.37759
24.200          0.39612
24.400          0.41465
24.600          0.43318
24.800          0.45170
25.000          0.47024
25.200          0.48854
25.400          0.50684
25.600          0.52514
25.800          0.54343
26.000          0.56174
26.200          0.57977
26.400          0.59779
26.600          0.61581
26.800          0.63383
27.000          0.65186
27.200          0.66957
27.400          0.68727
27.600          0.70497
27.800          0.72267
28.000          0.74038
28.200          0.75772
28.400          0.77506
28.600          0.79239
28.800          0.80973
29.000          0.82707
29.200          0.84401
29.400          0.86094
29.600          0.87787
29.800          0.89480
30.000          0.91174
30.200          0.92823
30.400          0.94471
30.600          0.96120
30.800          0.97768
31.000          0.99417
31.200          1.0102
31.400          1.0262
31.600          1.0422
31.800          1.0582
32.000          1.0742
32.200          1.0896
32.400          1.1051
32.600          1.1206
32.800          1.1360
33.000          1.1515
33.200          1.1664
33.400          1.1813
33.600          1.1962
33.800          1.2111
34.000          1.2260
34.200          1.2403
34.400          1.2546
34.600          1.2689
34.800          1.2832
35.000          1.2975
35.200          1.3112
35.400          1.3248
35.600          1.3385
35.800          1.3522
36.000          1.3658
36.200          1.3788
36.400          1.3918
36.600          1.4048
36.800          1.4178
37.000          1.4308
37.200          1.4431
37.400          1.4554
37.600          1.4677
37.800          1.4800
38.000          1.4922
38.200          1.5038
38.400          1.5154
38.600          1.5269
38.800          1.5385
39.000          1.5500
39.200          1.5608
39.400          1.5716
39.600          1.5824
39.800          1.5932
40.000          1.6040
40.200          1.6140
40.400          1.6240
40.600          1.6340
40.800          1.6440
41.000          1.6540
41.200          1.6632
41.400          1.6724
41.600          1.6816
41.800          1.6908
42.000          1.7000
42.200          1.7084
42.400          1.7167
42.600          1.7251
42.800          1.7334
43.000          1.7418
43.200          1.7493
43.400          1.7568
43.600          1.7643
43.800          1.7718
44.000          1.7793
44.200          1.7859
44.400          1.7926
44.600          1.7992
44.800          1.8058
45.000          1.8125
45.200          1.8182
45.400          1.8239
45.600          1.8297
45.800          1.8354
46.000          1.8411
46.200          1.8460
46.400          1.8508
46.600          1.8556
46.800          1.8605
47.000          1.8653
47.200          1.8692
47.400          1.8731
47.600          1.8771
47.800          1.8810
48.000          1.8849
48.200          1.8879
48.400          1.8909
48.600          1.8939
48.800          1.8969
49.000          1.8999
49.200          1.9019
49.400          1.9040
49.600          1.9060
49.800          1.9081
50.000          1.9101
50.200          1.9113
50.400          1.9124
50.600          1.9135
50.800          1.9146
51.000          1.9157
51.200          1.9159
51.400          1.9161
51.600          1.9163
51.800          1.9164
52.000          1.9166
52.200          1.9159
52.400          1.9151
52.600          1.9143
52.800          1.9136
53.000          1.9128
53.200          1.9111
53.400          1.9094
53.600          1.9077
53.800          1.9060
54.000          1.9043
54.200          1.9016
54.400          1.8990
54.600          1.8964
54.800          1.8937
55.000          1.8911
55.200          1.8875
55.400          1.8839
55.600          1.8804
55.800          1.8768
56.000          1.8732
56.200          1.8688
56.400          1.8643
56.600          1.8598
56.800          1.8553
57.000          1.8508
57.200          1.8454
57.400          1.8400
57.600          1.8346
57.800          1.8292
58.000          1.8238
58.200          1.8175
58.400          1.8112
58.600          1.8049
58.800          1.7986
59.000          1.7923
59.200          1.7852
59.400          1.7780
59.600          1.7708
59.800          1.7636
60.000          1.7565
60.200          1.7484
60.400          1.7404
60.600          1.7323
60.800          1.7243
61.000          1.7163
61.200          1.7074
61.400          1.6985
61.600          1.6896
61.800          1.6807
62.000          1.6719
62.200          1.6622
62.400          1.6525
62.600          1.6427
62.800          1.6330
63.000          1.6233
63.200          1.6128
63.400          1.6023
63.600          1.5918
63.800          1.5813
64.000          1.5708
64.200          1.5596
64.400          1.5483
64.600          1.5370
64.800          1.5258
65.000          1.5145
65.200          1.5025
65.400          1.4904
65.600          1.4784
65.800          1.4664
66.000          1.4544
66.200          1.4417
66.400          1.4289
66.600          1.4162
66.800          1.4035
67.000          1.3907
67.200          1.3773
67.400          1.3639
67.600          1.3505
67.800          1.3371
68.000          1.3237
68.200          1.3096
68.400          1.2955
68.600          1.2815
68.800          1.2674
69.000          0.94234
69.200          0.50147
69.400          0.37161
69.600          0.24175
69.800          0.11190
70.000          0.023280
70.200          0.045486
70.400          0.026454
70.600          0.0074226
70.800          -0.011609
71.000          -0.031435
71.200          -0.049714
71.400          -0.067198
71.600          -0.084683
71.800          -0.10217
72.000          -0.12028
72.200          -0.13248
72.400          -0.14404
72.600          -0.15560
72.800          -0.16717
73.000          -0.17904
73.200          -0.18210
73.400          -0.18485
73.600          -0.18760
73.800          -0.19035
74.000          -0.19301
74.200          -0.18617
74.400          -0.17942
74.600          -0.17266
74.800          -0.16591
75.000          -0.15869
75.200          -0.14366
75.400          -0.12910
75.600          -0.11453
75.800          -0.099968
76.000          -0.084678
76.200          -0.065220
76.400          -0.046486
76.600          -0.027752
76.800          -0.0090183
77.000          0.010520
77.200          0.029540
77.400          0.047756
77.600          0.065972
77.800          0.084188
78.000          0.10309
78.200          0.11691
78.400          0.13005
78.600          0.14319
78.800          0.15633
79.000          0.16986
79.200          0.17503
79.400          0.17981
79.600          0.18459
79.800          0.18937
80.000          0.19415
80.200          0.18937
80.400          0.18459
80.600          0.17981
80.800          0.17503
81.000          0.16986
81.200          0.15633
81.400          0.14319
81.600          0.13005
81.800          0.11691
82.000          0.10309
82.200          0.084188
82.400          0.065972
82.600          0.047756
82.800          0.029540
83.000          0.010520
83.200          -0.0090183
83.400          -0.027752
83.600          -0.046486
83.800          -0.065220
84.000          -0.084678
84.200          -0.099968
84.400          -0.11453
84.600          -0.12910
84.800          -0.14366
85.000          -0.15869
85.200          -0.16591
85.400          -0.17266
85.600          -0.17942
85.800          -0.18617
86.000          -0.19301
86.200          -0.19035
86.400          -0.18760
86.600          -0.18485
86.800          -0.18210
87.000          -0.17904
87.200          -0.16717
87.400          -0.15560
87.600          -0.14404
87.800          -0.13248
88.000          -0.12028
88.200          -0.10217
88.400          -0.084683
88.600          -0.067198
88.800          -0.049714
89.000          -0.031435
89.200          -0.011609
89.400          0.0074226
89.600          0.026454
89.800          0.045486
90.000          0.023280
90.200          0.11190
90.400          0.24175
90.600          0.37161
90.800          0.50147
91.000          0.94234
91.200          1.2674
91.400          1.2815
91.600          1.2955
91.800          1.3096
92.000          1.3237
92.200          1.3371
92.400          1.3505
92.600          1.3639
92.800          1.3773
93.000          1.3907
93.200          1.4035
93.400          1.4162
93.600          1.4289
93.800          1.4417
94.000          1.4544
94.200          1.4664
94.400          1.4784
94.600          1.4904
94.800          1.5025
95.000          1.5145
95.200          1.5258
95.400          1.5370
95.600          1.5483
95.800          1.5596
96.000          1.5708
96.200          1.5813
96.400          1.5918
96.600          1.6023
96.800          1.6128
97.000          1.6233
97.200          1.6330
97.400          1.6427
97.600          1.6525
97.800          1.6622
98.000          1.6719
98.200          1.6807
98.400          1.6896
98.600          1.6985
98.800          1.7074
99.000          1.7163
99.200          1.7243
99.400          1.7323
99.600          1.7404
99.800          1.7484
100.00          1.7565
100.20          1.7636
100.40          1.7708
100.60          1.7780
100.80          1.7852
101.00          1.7923
101.20          1.7986
101.40          1.8049
101.60          1.8112
101.80          1.8175
102.00          1.8238
102.20          1.8292
102.40          1.8346
102.60          1.8400
102.80          1.8454
103.00          1.8508
103.20          1.8553
103.40          1.8598
103.60          1.8643
103.80          1.8688
104.00          1.8732
104.20          1.8768
104.40          1.8804
104.60          1.8839
104.80          1.8875
105.00          1.8911
105.20          1.8937
105.40          1.8964
105.60          1.8990
105.80          1.9016
106.00          1.9043
106.20          1.9060
106.40          1.9077
106.60          1.9094
106.80          1.9111
107.00          1.9128
107.20          1.9136
107.40          1.9143
107.60          1.9151
107.80          1.9159
108.00          1.9166
108.20          1.9164
108.40          1.9163
108.60          1.9161
108.80          1.9159
109.00          1.9157
109.20          1.9146
109.40          1.9135
109.60          1.9124
109.80          1.9113
110.00          1.9101
110.20          1.9081
110.40          1.9060
110.60          1.9040
110.80          1.9019
111.00          1.8999
111.20          1.8969
111.40          1.8939
111.60          1.8909
111.80          1.8879
112.00          1.8849
112.20          1.8810
112.40          1.8771
112.60          1.8731
112.80          1.8692
113.00          1.8653
113.20          1.8605
113.40          1.8556
113.60          1.8508
113.80          1.8460
114.00          1.8411
114.20          1.8354
114.40          1.8297
114.60          1.8239
114.80          1.8182
115.00          1.8125
115.20          1.8058
115.40          1.7992
115.60          1.7926
115.80          1.7859
116.00          1.7793
116.20          1.7718
116.40          1.7643
116.60          1.7568
116.80          1.7493
117.00          1.7418
117.20          1.7334
117.40          1.7251
117.60          1.7167
117.80          1.7084
118.00          1.7000
118.20          1.6908
118.40          1.6816
118.60          1.6724
118.80          1.6632
119.00          1.6540
119.20          1.6440
119.40          1.6340
119.60          1.6240
119.80          1.6140
120.00          1.6040
120.20          1.5932
120.40          1.5824
120.60          1.5716
120.80          1.5608
121.00          1.5500
121.20          1.5385
121.40          1.5269
121.60          1.5154
121.80          1.5038
122.00          1.4922
122.20          1.4800
122.40          1.4677
122.60          1.4554
122.80          1.4431
123.00          1.4308
123.20          1.4178
123.40          1.4048
123.60          1.3918
123.80          1.3788
124.00          1.3658
124.20          1.3522
124.40          1.3385
124.60          1.3248
124.80          1.3112
125.00          1.2975
125.20          1.2832
125.40          1.2689
125.60          1.2546
125.80          1.2403
126.00          1.2260
126.20          1.2111
126.40          1.1962
126.60          1.1813
126.80          1.1664
127.00          1.1515
127.20          1.1360
127.40          1.1206
127.60          1.1051
127.80          1.0896
128.00          1.0742
128.20          1.0582
128.40          1.0422
128.60          1.0262
128.80          1.0102
129.00          0.99417
129.20          0.97768
129.40          0.96120
129.60          0.94471
129.80          0.92823
130.00          0.91174
130.20          0.89480
130.40          0.87787
130.60          0.86094
130.80          0.84401
131.00          0.82707
131.20          0.80973
131.40          0.79239
131.60          0.77506
131.80          0.75772
132.00          0.74038
132.20          0.72267
132.40          0.70497
132.60          0.68727
132.80          0.66957
133.00          0.65186
133.20          0.63383
133.40          0.61581
133.60          0.59779
133.80          0.57977
134.00          0.56174
134.20          0.54343
134.40          0.52514
134.60          0.50684
134.80          0.48854
135.00          0.47024
135.20          0.45170
135.40          0.43318
135.60          0.41465
135.80          0.39612
136.00          0.37759
136.20          0.35886
136.40          0.34015
136.60          0.32144
136.80          0.30272
137.00          0.28400
137.20          0.26514
137.40          0.24629
137.60          0.22744
137.80          0.20858
138.00          0.18972
138.20          0.17077
138.40          0.15182
138.60          0.13288
138.80          0.11393
139.00          0.094979
139.20          0.075978
139.40          0.056986
139.60          0.037993
139.80          0.019000
140.00          7.7811E-6
140.00          NaN
140.20          NaN
140.40          NaN
140.60          NaN
140.80          NaN
141.00          NaN
141.20          NaN
141.40          NaN
141.60          NaN
141.80          NaN
142.00          NaN
142.20          NaN
142.40          NaN
142.60          NaN
142.80          NaN
143.00          NaN
143.20          NaN
143.40          NaN
143.60          NaN
143.80          NaN
144.00          NaN
144.20          NaN
144.40          NaN
144.60          NaN
144.80          NaN
145.00          NaN
145.20          NaN
145.40          NaN
145.60          NaN
145.80          NaN
146.00          NaN
146.20          NaN
146.40          NaN
146.60          NaN
146.80          NaN
147.00          NaN
147.20          NaN
147.40          NaN
147.60          NaN
147.80          NaN
148.00          NaN
148.20          NaN
148.40          NaN
148.60          NaN
148.80          NaN
149.00          NaN
149.20          NaN
149.40          NaN
149.60          NaN
149.80          NaN
150.00          NaN
150.20          NaN
150.40          NaN
150.60          NaN
150.80          NaN
151.00          NaN
151.20          NaN
151.40          NaN
151.60          NaN
151.80          NaN
152.00          NaN
152.20          NaN
152.40          NaN
152.60          NaN
152.80          NaN
153.00          NaN
153.20          NaN
153.40          NaN
153.60          NaN
153.80          NaN
154.00          NaN
154.20          NaN
154.40          NaN
154.60          NaN
154.80          NaN
155.00          NaN
155.20          NaN
155.40          NaN
155.60          NaN
155.80          NaN
156.00          NaN
156.20          NaN
156.40          NaN
156.60          NaN
156.80          NaN
157.00          NaN
157.20          NaN
157.40          NaN
157.60          NaN
157.80          NaN
158.00          NaN
158.20          NaN
158.40          NaN
158.60          NaN
158.80          NaN
159.00          NaN
159.20          NaN
159.40          NaN
159.60          NaN
159.80          NaN
160.00          NaN
