
0.0000          NaN
0.20000         NaN
0.40000         NaN
0.60000         NaN
0.80000         NaN
1.0000          NaN
1.0000          NaN
1.2000          NaN
1.4000          NaN
1.6000          NaN
1.8000          NaN
2.0000          NaN
2.0000          NaN
2.2000          NaN
2.4000          NaN
2.6000          NaN
2.8000          NaN
3.0000          NaN
3.0000          NaN
3.2000          NaN
3.4000          NaN
3.6000          NaN
3.8000          NaN
4.0000          NaN
4.0000          NaN
4.2000          NaN
4.4000          NaN
4.6000          NaN
4.8000          NaN
5.0000          NaN
5.0000          NaN
5.2000          NaN
5.4000          NaN
5.6000          NaN
5.8000          NaN
6.0000          NaN
6.0000          NaN
6.2000          NaN
6.4000          NaN
6.6000          NaN
6.8000          NaN
7.0000          NaN
7.0000          NaN
7.2000          NaN
7.4000          NaN
7.6000          NaN
7.8000          NaN
8.0000          NaN
8.0000          NaN
8.2000          NaN
8.4000          NaN
8.6000          NaN
8.8000          NaN
9.0000          NaN
9.0000          NaN
9.2000          NaN
9.4000          NaN
9.6000          NaN
9.8000          NaN
10.000          NaN
10.000          NaN
10.200          NaN
10.400          NaN
10.600          NaN
10.800          NaN
11.000          NaN
11.000          NaN
11.200          NaN
11.400          NaN
11.600          NaN
11.800          NaN
12.000          NaN
12.000          NaN
12.200          NaN
12.400          NaN
12.600          NaN
12.800          NaN
13.000          NaN
13.000          NaN
13.200          NaN
13.400          NaN
13.600          NaN
13.800          NaN
14.000          NaN
14.000          NaN
14.200          NaN
14.400          NaN
14.600          NaN
14.800          NaN
15.000          NaN
15.000          NaN
15.200          NaN
15.400          NaN
15.600          NaN
15.800          NaN
16.000          NaN
16.000          NaN
16.200          NaN
16.400          NaN
16.600          NaN
16.800          NaN
17.000          NaN
17.000          NaN
17.200          NaN
17.400          NaN
17.600          NaN
17.800          NaN
18.000          NaN
18.000          NaN
18.200          NaN
18.400          NaN
18.600          NaN
18.800          NaN
19.000          NaN
19.000          NaN
19.200          NaN
19.400          NaN
19.600          NaN
19.800          NaN
20.000          NaN
20.000          -1.8439E-8
20.200          1.7814E-6
20.400          3.5812E-6
20.600          5.3810E-6
20.800          7.1809E-6
21.000          8.9617E-6
21.200          1.0854E-5
21.400          1.2766E-5
21.600          1.4677E-5
21.800          1.6589E-5
22.000          1.8480E-5
22.200          2.0601E-5
22.400          2.2743E-5
22.600          2.4885E-5
22.800          2.7028E-5
23.000          2.9146E-5
23.200          3.1628E-5
23.400          3.4133E-5
23.600          3.6639E-5
23.800          3.9145E-5
24.000          4.1622E-5
24.200          4.4618E-5
24.400          4.7643E-5
24.600          5.0668E-5
24.800          5.3693E-5
25.000          5.6683E-5
25.200          6.0380E-5
25.400          6.4112E-5
25.600          6.7843E-5
25.800          7.1575E-5
26.000          7.5264E-5
26.200          7.9891E-5
26.400          8.4562E-5
26.600          8.9232E-5
26.800          9.3903E-5
27.000          9.8519E-5
27.200          1.0436E-4
27.400          1.1026E-4
27.600          1.1616E-4
27.800          1.2206E-4
28.000          1.2789E-4
28.200          1.3532E-4
28.400          1.4281E-4
28.600          1.5031E-4
28.800          1.5780E-4
29.000          1.6521E-4
29.200          1.7468E-4
29.400          1.8423E-4
29.600          1.9379E-4
29.800          2.0334E-4
30.000          2.1279E-4
30.200          2.2488E-4
30.400          2.3709E-4
30.600          2.4930E-4
30.800          2.6151E-4
31.000          2.7358E-4
31.200          2.8906E-4
31.400          3.0468E-4
31.600          3.2030E-4
31.800          3.3592E-4
32.000          3.5136E-4
32.200          3.7118E-4
32.400          3.9118E-4
32.600          4.1119E-4
32.800          4.3119E-4
33.000          4.5096E-4
33.200          4.7636E-4
33.400          5.0199E-4
33.600          5.2761E-4
33.800          5.5324E-4
34.000          5.7857E-4
34.200          6.1112E-4
34.400          6.4396E-4
34.600          6.7681E-4
34.800          7.0965E-4
35.000          7.4211E-4
35.200          7.8383E-4
35.400          8.2593E-4
35.600          8.6803E-4
35.800          9.1013E-4
36.000          9.5174E-4
36.200          0.0010052
36.400          0.0010592
36.600          0.0011132
36.800          0.0011671
37.000          0.0012205
37.200          0.0012890
37.400          0.0013582
37.600          0.0014274
37.800          0.0014966
38.000          0.0015650
38.200          0.0016529
38.400          0.0017416
38.600          0.0018304
38.800          0.0019191
39.000          0.0020067
39.200          0.0021195
39.400          0.0022332
39.600          0.0023469
39.800          0.0024607
40.000          0.0025731
40.200          0.0027176
40.400          0.0028634
40.600          0.0030093
40.800          0.0031551
41.000          0.0032993
41.200          0.0034845
41.400          0.0036715
41.600          0.0038585
41.800          0.0040455
42.000          0.0042303
42.200          0.0044679
42.400          0.0047076
42.600          0.0049474
42.800          0.0051871
43.000          0.0054241
43.200          0.0057287
43.400          0.0060361
43.600          0.0063435
43.800          0.0066509
44.000          0.0069547
44.200          0.0073453
44.400          0.0077394
44.600          0.0081336
44.800          0.0085277
45.000          0.0089173
45.200          0.0094180
45.400          0.0099234
45.600          0.010429
45.800          0.010934
46.000          0.011434
46.200          0.012076
46.400          0.012724
46.600          0.013372
46.800          0.014020
47.000          0.014660
47.200          0.015483
47.400          0.016314
47.600          0.017145
47.800          0.017976
48.000          0.018797
48.200          0.019852
48.400          0.020918
48.600          0.021983
48.800          0.023048
49.000          0.024101
49.200          0.025455
49.400          0.026821
49.600          0.028186
49.800          0.029552
50.000          0.030902
50.200          0.032638
50.400          0.034389
50.600          0.036140
50.800          0.037892
51.000          0.039622
51.200          0.041847
51.400          0.044093
51.600          0.046339
51.800          0.048584
52.000          0.050803
52.200          0.053656
52.400          0.056535
52.600          0.059415
52.800          0.062294
53.000          0.065139
53.200          0.068797
53.400          0.072489
53.600          0.076181
53.800          0.079872
54.000          0.083521
54.200          0.088211
54.400          0.092944
54.600          0.097678
54.800          0.10241
55.000          0.10709
55.200          0.11310
55.400          0.11917
55.600          0.12524
55.800          0.13131
56.000          0.13731
56.200          0.14502
56.400          0.15280
56.600          0.16058
56.800          0.16836
57.000          0.17606
57.200          0.18594
57.400          0.19592
57.600          0.20590
57.800          0.21587
58.000          0.22574
58.200          0.23841
58.400          0.25121
58.600          0.26400
58.800          0.27679
59.000          0.28943
59.200          0.30569
59.400          0.32209
59.600          0.33849
59.800          0.35490
60.000          0.37111
60.200          0.39195
60.400          0.41298
60.600          0.43401
60.800          0.45505
61.000          0.47583
61.200          0.50255
61.400          0.52952
61.600          0.55649
61.800          0.58345
62.000          0.61010
62.200          0.64437
62.400          0.67894
62.600          0.71352
62.800          0.74810
63.000          0.78227
63.200          0.82620
63.400          0.87053
63.600          0.91487
63.800          0.95920
64.000          1.0030
64.200          1.0593
64.400          1.1162
64.600          1.1730
64.800          1.2299
65.000          1.2861
65.200          1.3583
65.400          1.4312
65.600          1.5040
65.800          1.5769
66.000          1.6490
66.200          1.7416
66.400          1.8350
66.600          1.9285
66.800          2.0219
67.000          2.1143
67.200          2.2330
67.400          2.3528
67.600          2.4726
67.800          2.5925
68.000          2.7109
68.200          2.8631
68.400          3.0168
68.600          3.1704
68.800          3.3240
69.000          2.6534
69.200          1.5564
69.400          1.2836
69.600          1.0109
69.800          0.73807
70.000          0.58238
70.200          0.85170
70.400          1.0039
70.600          1.1561
70.800          1.3083
71.000          1.4646
71.200          1.5664
71.400          1.6641
71.600          1.7618
71.800          1.8596
72.000          1.9593
72.200          1.9861
72.400          2.0110
72.600          2.0358
72.800          2.0607
73.000          2.0851
73.200          2.0319
73.400          1.9792
73.600          1.9264
73.800          1.8737
74.000          1.8182
74.200          1.6950
74.400          1.5747
74.600          1.4543
74.800          1.3340
75.000          1.2090
75.200          1.0390
75.400          0.87369
75.600          0.70836
75.800          0.54303
76.000          0.37211
76.200          0.18736
76.400          0.0081844
76.600          -0.17099
76.800          -0.35016
77.000          -0.53482
77.200          -0.69958
77.400          -0.85886
77.600          -1.0181
77.800          -1.1774
78.000          -1.3410
78.200          -1.4548
78.400          -1.5642
78.600          -1.6736
78.800          -1.7830
79.000          -1.8948
79.200          -1.9361
79.400          -1.9750
79.600          -2.0139
79.800          -2.0528
80.000          -2.0917
80.200          -2.0528
80.400          -2.0139
80.600          -1.9750
80.800          -1.9361
81.000          -1.8948
81.200          -1.7830
81.400          -1.6736
81.600          -1.5642
81.800          -1.4548
82.000          -1.3410
82.200          -1.1774
82.400          -1.0181
82.600          -0.85886
82.800          -0.69958
83.000          -0.53482
83.200          -0.35016
83.400          -0.17099
83.600          0.0081844
83.800          0.18736
84.000          0.37211
84.200          0.54303
84.400          0.70836
84.600          0.87369
84.800          1.0390
85.000          1.2090
85.200          1.3340
85.400          1.4543
85.600          1.5747
85.800          1.6950
86.000          1.8182
86.200          1.8737
86.400          1.9264
86.600          1.9792
86.800          2.0319
87.000          2.0851
87.200          2.0607
87.400          2.0358
87.600          2.0110
87.800          1.9861
88.000          1.9593
88.200          1.8596
88.400          1.7618
88.600          1.6641
88.800          1.5664
89.000          1.4646
89.200          1.3083
89.400          1.1561
89.600          1.0039
89.800          0.85170
90.000          0.58238
90.200          0.73807
90.400          1.0109
90.600          1.2836
90.800          1.5564
91.000          2.6534
91.200          3.3240
91.400          3.1704
91.600          3.0168
91.800          2.8631
92.000          2.7109
92.200          2.5925
92.400          2.4726
92.600          2.3528
92.800          2.2330
93.000          2.1143
93.200          2.0219
93.400          1.9285
93.600          1.8350
93.800          1.7416
94.000          1.6490
94.200          1.5769
94.400          1.5040
94.600          1.4312
94.800          1.3583
95.000          1.2861
95.200          1.2299
95.400          1.1730
95.600          1.1162
95.800          1.0593
96.000          1.0030
96.200          0.95920
96.400          0.91487
96.600          0.87053
96.800          0.82620
97.000          0.78227
97.200          0.74810
97.400          0.71352
97.600          0.67894
97.800          0.64437
98.000          0.61010
98.200          0.58345
98.400          0.55649
98.600          0.52952
98.800          0.50255
99.000          0.47583
99.200          0.45505
99.400          0.43401
99.600          0.41298
99.800          0.39195
100.00          0.37111
100.20          0.35490
100.40          0.33849
100.60          0.32209
100.80          0.30569
101.00          0.28943
101.20          0.27679
101.40          0.26400
101.60          0.25121
101.80          0.23841
102.00          0.22574
102.20          0.21587
102.40          0.20590
102.60          0.19592
102.80          0.18594
103.00          0.17606
103.20          0.16836
103.40          0.16058
103.60          0.15280
103.80          0.14502
104.00          0.13731
104.20          0.13131
104.40          0.12524
104.60          0.11917
104.80          0.11310
105.00          0.10709
105.20          0.10241
105.40          0.097678
105.60          0.092944
105.80          0.088211
106.00          0.083521
106.20          0.079872
106.40          0.076181
106.60          0.072489
106.80          0.068797
107.00          0.065139
107.20          0.062294
107.40          0.059415
107.60          0.056535
107.80          0.053656
108.00          0.050803
108.20          0.048584
108.40          0.046339
108.60          0.044093
108.80          0.041847
109.00          0.039622
109.20          0.037892
109.40          0.036140
109.60          0.034389
109.80          0.032638
110.00          0.030902
110.20          0.029552
110.40          0.028186
110.60          0.026821
110.80          0.025455
111.00          0.024101
111.20          0.023048
111.40          0.021983
111.60          0.020918
111.80          0.019852
112.00          0.018797
112.20          0.017976
112.40          0.017145
112.60          0.016314
112.80          0.015483
113.00          0.014660
113.20          0.014020
113.40          0.013372
113.60          0.012724
113.80          0.012076
114.00          0.011434
114.20          0.010934
114.40          0.010429
114.60          0.0099234
114.80          0.0094180
115.00          0.0089173
115.20          0.0085277
115.40          0.0081336
115.60          0.0077394
115.80          0.0073453
116.00          0.0069547
116.20          0.0066509
116.40          0.0063435
116.60          0.0060361
116.80          0.0057287
117.00          0.0054241
117.20          0.0051871
117.40          0.0049474
117.60          0.0047076
117.80          0.0044679
118.00          0.0042303
118.20          0.0040455
118.40          0.0038585
118.60          0.0036715
118.80          0.0034845
119.00          0.0032993
119.20          0.0031551
119.40          0.0030093
119.60          0.0028634
119.80          0.0027176
120.00          0.0025731
120.20          0.0024607
120.40          0.0023469
120.60          0.0022332
120.80          0.0021195
121.00          0.0020067
121.20          0.0019191
121.40          0.0018304
121.60          0.0017416
121.80          0.0016529
122.00          0.0015650
122.20          0.0014966
122.40          0.0014274
122.60          0.0013582
122.80          0.0012890
123.00          0.0012205
123.20          0.0011671
123.40          0.0011132
123.60          0.0010592
123.80          0.0010052
124.00          9.5174E-4
124.20          9.1013E-4
124.40          8.6803E-4
124.60          8.2593E-4
124.80          7.8383E-4
125.00          7.4211E-4
125.20          7.0965E-4
125.40          6.7681E-4
125.60          6.4396E-4
125.80          6.1112E-4
126.00          5.7857E-4
126.20          5.5324E-4
126.40          5.2761E-4
126.60          5.0199E-4
126.80          4.7636E-4
127.00          4.5096E-4
127.20          4.3119E-4
127.40          4.1119E-4
127.60          3.9118E-4
127.80          3.7118E-4
128.00          3.5136E-4
128.20          3.3592E-4
128.40          3.2030E-4
128.60          3.0468E-4
128.80          2.8906E-4
129.00          2.7358E-4
129.20          2.6151E-4
129.40          2.4930E-4
129.60          2.3709E-4
129.80          2.2488E-4
130.00          2.1279E-4
130.20          2.0334E-4
130.40          1.9379E-4
130.60          1.8423E-4
130.80          1.7468E-4
131.00          1.6521E-4
131.20          1.5780E-4
131.40          1.5031E-4
131.60          1.4281E-4
131.80          1.3532E-4
132.00          1.2789E-4
132.20          1.2206E-4
132.40          1.1616E-4
132.60          1.1026E-4
132.80          1.0436E-4
133.00          9.8519E-5
133.20          9.3903E-5
133.40          8.9232E-5
133.60          8.4562E-5
133.80          7.9891E-5
134.00          7.5264E-5
134.20          7.1575E-5
134.40          6.7843E-5
134.60          6.4112E-5
134.80          6.0380E-5
135.00          5.6683E-5
135.20          5.3693E-5
135.40          5.0668E-5
135.60          4.7643E-5
135.80          4.4618E-5
136.00          4.1622E-5
136.20          3.9145E-5
136.40          3.6639E-5
136.60          3.4133E-5
136.80          3.1628E-5
137.00          2.9146E-5
137.20          2.7028E-5
137.40          2.4885E-5
137.60          2.2743E-5
137.80          2.0601E-5
138.00          1.8480E-5
138.20          1.6589E-5
138.40          1.4677E-5
138.60          1.2766E-5
138.80          1.0854E-5
139.00          8.9617E-6
139.20          7.1809E-6
139.40          5.3810E-6
139.60          3.5812E-6
139.80          1.7814E-6
140.00          -1.8439E-8
140.00          NaN
140.20          NaN
140.40          NaN
140.60          NaN
140.80          NaN
141.00          NaN
141.00          NaN
141.20          NaN
141.40          NaN
141.60          NaN
141.80          NaN
142.00          NaN
142.00          NaN
142.20          NaN
142.40          NaN
142.60          NaN
142.80          NaN
143.00          NaN
143.00          NaN
143.20          NaN
143.40          NaN
143.60          NaN
143.80          NaN
144.00          NaN
144.00          NaN
144.20          NaN
144.40          NaN
144.60          NaN
144.80          NaN
145.00          NaN
145.00          NaN
145.20          NaN
145.40          NaN
145.60          NaN
145.80          NaN
146.00          NaN
146.00          NaN
146.20          NaN
146.40          NaN
146.60          NaN
146.80          NaN
147.00          NaN
147.00          NaN
147.20          NaN
147.40          NaN
147.60          NaN
147.80          NaN
148.00          NaN
148.00          NaN
148.20          NaN
148.40          NaN
148.60          NaN
148.80          NaN
149.00          NaN
149.00          NaN
149.20          NaN
149.40          NaN
149.60          NaN
149.80          NaN
150.00          NaN
150.00          NaN
150.20          NaN
150.40          NaN
150.60          NaN
150.80          NaN
151.00          NaN
151.00          NaN
151.20          NaN
151.40          NaN
151.60          NaN
151.80          NaN
152.00          NaN
152.00          NaN
152.20          NaN
152.40          NaN
152.60          NaN
152.80          NaN
153.00          NaN
153.00          NaN
153.20          NaN
153.40          NaN
153.60          NaN
153.80          NaN
154.00          NaN
154.00          NaN
154.20          NaN
154.40          NaN
154.60          NaN
154.80          NaN
155.00          NaN
155.00          NaN
155.20          NaN
155.40          NaN
155.60          NaN
155.80          NaN
156.00          NaN
156.00          NaN
156.20          NaN
156.40          NaN
156.60          NaN
156.80          NaN
157.00          NaN
157.00          NaN
157.20          NaN
157.40          NaN
157.60          NaN
157.80          NaN
158.00          NaN
158.00          NaN
158.20          NaN
158.40          NaN
158.60          NaN
158.80          NaN
159.00          NaN
159.00          NaN
159.20          NaN
159.40          NaN
159.60          NaN
159.80          NaN
160.00          NaN
