0.0000          NaN
0.20000         NaN
0.40000         NaN
0.60000         NaN
0.80000         NaN
1.0000          NaN
1.2000          NaN
1.4000          NaN
1.6000          NaN
1.8000          NaN
2.0000          NaN
2.2000          NaN
2.4000          NaN
2.6000          NaN
2.8000          NaN
3.0000          NaN
3.2000          NaN
3.4000          NaN
3.6000          NaN
3.8000          NaN
4.0000          NaN
4.2000          NaN
4.4000          NaN
4.6000          NaN
4.8000          NaN
5.0000          NaN
5.2000          NaN
5.4000          NaN
5.6000          NaN
5.8000          NaN
6.0000          NaN
6.2000          NaN
6.4000          NaN
6.6000          NaN
6.8000          NaN
7.0000          NaN
7.2000          NaN
7.4000          NaN
7.6000          NaN
7.8000          NaN
8.0000          NaN
8.2000          NaN
8.4000          NaN
8.6000          NaN
8.8000          NaN
9.0000          NaN
9.2000          NaN
9.4000          NaN
9.6000          NaN
9.8000          NaN
10.000          NaN
10.200          NaN
10.400          NaN
10.600          NaN
10.800          NaN
11.000          NaN
11.200          NaN
11.400          NaN
11.600          NaN
11.800          NaN
12.000          NaN
12.200          NaN
12.400          NaN
12.600          NaN
12.800          NaN
13.000          NaN
13.200          NaN
13.400          NaN
13.600          NaN
13.800          NaN
14.000          NaN
14.200          NaN
14.400          NaN
14.600          NaN
14.800          NaN
15.000          NaN
15.200          NaN
15.400          NaN
15.600          NaN
15.800          NaN
16.000          NaN
16.200          NaN
16.400          NaN
16.600          NaN
16.800          NaN
17.000          NaN
17.200          NaN
17.400          NaN
17.600          NaN
17.800          NaN
18.000          NaN
18.200          NaN
18.400          NaN
18.600          NaN
18.800          NaN
19.000          NaN
19.200          NaN
19.400          NaN
19.600          NaN
19.800          NaN
20.000          NaN
20.000          2.3858E-11
20.200          -8.5133E-10
20.400          -1.7265E-9
20.600          -2.6017E-9
20.800          -3.4769E-9
21.000          -4.3521E-9
21.200          -5.3227E-9
21.400          -6.3450E-9
21.600          -7.3674E-9
21.800          -8.3897E-9
22.000          -9.4121E-9
22.200          -1.0689E-8
22.400          -1.2030E-8
22.600          -1.3372E-8
22.800          -1.4713E-8
23.000          -1.6055E-8
23.200          -1.7853E-8
23.400          -1.9739E-8
23.600          -2.1625E-8
23.800          -2.3511E-8
24.000          -2.5397E-8
24.200          -2.8018E-8
24.400          -3.0766E-8
24.600          -3.3513E-8
24.800          -3.6261E-8
25.000          -3.9009E-8
25.200          -4.2894E-8
25.400          -4.6966E-8
25.600          -5.1037E-8
25.800          -5.5108E-8
26.000          -5.9180E-8
26.200          -6.4983E-8
26.400          -7.1063E-8
26.600          -7.7142E-8
26.800          -8.3222E-8
27.000          -8.9302E-8
27.200          -9.7998E-8
27.400          -1.0711E-7
27.600          -1.1622E-7
27.800          -1.2533E-7
28.000          -1.3413E-7
28.200          -1.4749E-7
28.400          -1.6116E-7
28.600          -1.7484E-7
28.800          -1.8851E-7
29.000          -2.0218E-7
29.200          -2.2178E-7
29.400          -2.4232E-7
29.600          -2.6285E-7
29.800          -2.8338E-7
30.000          -3.0322E-7
30.200          -3.3336E-7
30.400          -3.6421E-7
30.600          -3.9506E-7
30.800          -4.2591E-7
31.000          -4.5675E-7
31.200          -5.0100E-7
31.400          -5.4735E-7
31.600          -5.9369E-7
31.800          -6.4004E-7
32.000          -6.8481E-7
32.200          -7.5287E-7
32.400          -8.2251E-7
32.600          -8.9215E-7
32.800          -9.6179E-7
33.000          -1.0291E-6
33.200          -1.1313E-6
33.400          -1.2360E-6
33.600          -1.3406E-6
33.800          -1.4453E-6
34.000          -1.5463E-6
34.200          -1.7000E-6
34.400          -1.8573E-6
34.600          -2.0145E-6
34.800          -2.1717E-6
35.000          -2.3236E-6
35.200          -2.5545E-6
35.400          -2.7908E-6
35.600          -3.0271E-6
35.800          -3.2634E-6
36.000          -3.4916E-6
36.200          -3.8386E-6
36.400          -4.1936E-6
36.600          -4.5487E-6
36.800          -4.9037E-6
37.000          -5.2467E-6
37.200          -5.7681E-6
37.400          -6.3016E-6
37.600          -6.8351E-6
37.800          -7.3686E-6
38.000          -7.8839E-6
38.200          -8.6674E-6
38.400          -9.4691E-6
38.600          -1.0271E-5
38.800          -1.1072E-5
39.000          -1.1847E-5
39.200          -1.3024E-5
39.400          -1.4229E-5
39.600          -1.5433E-5
39.800          -1.6638E-5
40.000          -1.7802E-5
40.200          -1.9571E-5
40.400          -2.1381E-5
40.600          -2.3191E-5
40.800          -2.5001E-5
41.000          -2.6749E-5
41.200          -2.9408E-5
41.400          -3.2128E-5
41.600          -3.4848E-5
41.800          -3.7568E-5
42.000          -4.0195E-5
42.200          -4.4190E-5
42.400          -4.8277E-5
42.600          -5.2364E-5
42.800          -5.6451E-5
43.000          -6.0399E-5
43.200          -6.6401E-5
43.400          -7.2543E-5
43.600          -7.8685E-5
43.800          -8.4827E-5
44.000          -9.0759E-5
44.200          -9.9778E-5
44.400          -1.0901E-4
44.600          -1.1824E-4
44.800          -1.2746E-4
45.000          -1.3638E-4
45.200          -1.4993E-4
45.400          -1.6380E-4
45.600          -1.7767E-4
45.800          -1.9153E-4
46.000          -2.0493E-4
46.200          -2.2529E-4
46.400          -2.4613E-4
46.600          -2.6697E-4
46.800          -2.8781E-4
47.000          -3.0794E-4
47.200          -3.3854E-4
47.400          -3.6985E-4
47.600          -4.0116E-4
47.800          -4.3248E-4
48.000          -4.6272E-4
48.200          -5.0871E-4
48.400          -5.5576E-4
48.600          -6.0281E-4
48.800          -6.4986E-4
49.000          -6.9531E-4
49.200          -7.6441E-4
49.400          -8.3511E-4
49.600          -9.0581E-4
49.800          -9.7652E-4
50.000          -0.0010448
50.200          -0.0011486
50.400          -0.0012549
50.600          -0.0013611
50.800          -0.0014674
51.000          -0.0015700
51.200          -0.0017260
51.400          -0.0018856
51.600          -0.0020453
51.800          -0.0022049
52.000          -0.0023591
52.200          -0.0025936
52.400          -0.0028335
52.600          -0.0030733
52.800          -0.0033132
53.000          -0.0035449
53.200          -0.0038972
53.400          -0.0042577
53.600          -0.0046182
53.800          -0.0049786
54.000          -0.0053268
54.200          -0.0058562
54.400          -0.0063978
54.600          -0.0069395
54.800          -0.0074811
55.000          -0.0080043
55.200          -0.0087998
55.400          -0.0096137
55.600          -0.010428
55.800          -0.011242
56.000          -0.012028
56.200          -0.013223
56.400          -0.014446
56.600          -0.015669
56.800          -0.016892
57.000          -0.018073
57.200          -0.019870
57.400          -0.021707
57.600          -0.023545
57.800          -0.025383
58.000          -0.027158
58.200          -0.029857
58.400          -0.032619
58.600          -0.035380
58.800          -0.038142
59.000          -0.040809
59.200          -0.044865
59.400          -0.049014
59.600          -0.053164
59.800          -0.057314
60.000          -0.061322
60.200          -0.067416
60.400          -0.073651
60.600          -0.079887
60.800          -0.086122
61.000          -0.092145
61.200          -0.10130
61.400          -0.11067
61.600          -0.12004
61.800          -0.12941
62.000          -0.13846
62.200          -0.15222
62.400          -0.16630
62.600          -0.18038
62.800          -0.19446
63.000          -0.20806
63.200          -0.22874
63.400          -0.24989
63.600          -0.27105
63.800          -0.29221
64.000          -0.31264
64.200          -0.34371
64.400          -0.37550
64.600          -0.40729
64.800          -0.43908
65.000          -0.46979
65.200          -0.51648
65.400          -0.56425
65.600          -0.61202
65.800          -0.65979
66.000          -0.70593
66.200          -0.77608
66.400          -0.84787
66.600          -0.91965
66.800          -0.99143
67.000          -1.0608
67.200          -1.1662
67.400          -1.2740
67.600          -1.3819
67.800          -1.4898
68.000          -1.5940
68.200          -1.7524
68.400          -1.9144
68.600          -2.0765
68.800          -2.2386
69.000          -1.8460
69.200          -1.1395
69.400          -0.98753
69.600          -0.83560
69.800          -0.68366
70.000          -0.61057
70.200          -0.89323
70.400          -1.0970
70.600          -1.3009
70.800          -1.5047
71.000          -1.7113
71.200          -1.8884
71.400          -2.0627
71.600          -2.2370
71.800          -2.4114
72.000          -2.5879
72.200          -2.7199
72.400          -2.8496
72.600          -2.9794
72.800          -3.1091
73.000          -3.2403
73.200          -3.3157
73.400          -3.3896
73.600          -3.4635
73.800          -3.5375
74.000          -3.6120
74.200          -3.6243
74.400          -3.6359
74.600          -3.6476
74.800          -3.6593
75.000          -3.6707
75.200          -3.6188
75.400          -3.5672
75.600          -3.5156
75.800          -3.4640
76.000          -3.4113
76.200          -3.2997
76.400          -3.1894
76.600          -3.0790
76.800          -2.9686
77.000          -2.8563
77.200          -2.6948
77.400          -2.5352
77.600          -2.3756
77.800          -2.2160
78.000          -2.0539
78.200          -1.8563
78.400          -1.6613
78.600          -1.4664
78.800          -1.2714
79.000          -1.0734
79.200          -0.85698
79.400          -0.64351
79.600          -0.43005
79.800          -0.21659
80.000          1.3904E-13
80.200          0.21659
80.400          0.43005
80.600          0.64351
80.800          0.85698
81.000          1.0734
81.200          1.2714
81.400          1.4664
81.600          1.6613
81.800          1.8563
82.000          2.0539
82.200          2.2160
82.400          2.3756
82.600          2.5352
82.800          2.6948
83.000          2.8563
83.200          2.9686
83.400          3.0790
83.600          3.1894
83.800          3.2997
84.000          3.4113
84.200          3.4640
84.400          3.5156
84.600          3.5672
84.800          3.6188
85.000          3.6707
85.200          3.6593
85.400          3.6476
85.600          3.6359
85.800          3.6243
86.000          3.6120
86.200          3.5375
86.400          3.4635
86.600          3.3896
86.800          3.3157
87.000          3.2403
87.200          3.1091
87.400          2.9794
87.600          2.8496
87.800          2.7199
88.000          2.5879
88.200          2.4114
88.400          2.2370
88.600          2.0627
88.800          1.8884
89.000          1.7113
89.200          1.5047
89.400          1.3009
89.600          1.0970
89.800          0.89323
90.000          0.61057
90.200          0.68366
90.400          0.83560
90.600          0.98753
90.800          1.1395
91.000          1.8460
91.200          2.2386
91.400          2.0765
91.600          1.9144
91.800          1.7524
92.000          1.5940
92.200          1.4898
92.400          1.3819
92.600          1.2740
92.800          1.1662
93.000          1.0608
93.200          0.99143
93.400          0.91965
93.600          0.84787
93.800          0.77608
94.000          0.70593
94.200          0.65979
94.400          0.61202
94.600          0.56425
94.800          0.51648
95.000          0.46979
95.200          0.43908
95.400          0.40729
95.600          0.37550
95.800          0.34371
96.000          0.31264
96.200          0.29221
96.400          0.27105
96.600          0.24989
96.800          0.22874
97.000          0.20806
97.200          0.19446
97.400          0.18038
97.600          0.16630
97.800          0.15222
98.000          0.13846
98.200          0.12941
98.400          0.12004
98.600          0.11067
98.800          0.10130
99.000          0.092145
99.200          0.086122
99.400          0.079887
99.600          0.073651
99.800          0.067416
100.00          0.061322
100.20          0.057314
100.40          0.053164
100.60          0.049014
100.80          0.044865
101.00          0.040809
101.20          0.038142
101.40          0.035380
101.60          0.032619
101.80          0.029857
102.00          0.027158
102.20          0.025383
102.40          0.023545
102.60          0.021707
102.80          0.019870
103.00          0.018073
103.20          0.016892
103.40          0.015669
103.60          0.014446
103.80          0.013223
104.00          0.012028
104.20          0.011242
104.40          0.010428
104.60          0.0096137
104.80          0.0087998
105.00          0.0080043
105.20          0.0074811
105.40          0.0069395
105.60          0.0063978
105.80          0.0058562
106.00          0.0053268
106.20          0.0049786
106.40          0.0046182
106.60          0.0042577
106.80          0.0038972
107.00          0.0035449
107.20          0.0033132
107.40          0.0030733
107.60          0.0028335
107.80          0.0025936
108.00          0.0023591
108.20          0.0022049
108.40          0.0020453
108.60          0.0018856
108.80          0.0017260
109.00          0.0015700
109.20          0.0014674
109.40          0.0013611
109.60          0.0012549
109.80          0.0011486
110.00          0.0010448
110.20          9.7652E-4
110.40          9.0581E-4
110.60          8.3511E-4
110.80          7.6441E-4
111.00          6.9531E-4
111.20          6.4986E-4
111.40          6.0281E-4
111.60          5.5576E-4
111.80          5.0871E-4
112.00          4.6272E-4
112.20          4.3248E-4
112.40          4.0116E-4
112.60          3.6985E-4
112.80          3.3854E-4
113.00          3.0794E-4
113.20          2.8781E-4
113.40          2.6697E-4
113.60          2.4613E-4
113.80          2.2529E-4
114.00          2.0493E-4
114.20          1.9153E-4
114.40          1.7767E-4
114.60          1.6380E-4
114.80          1.4993E-4
115.00          1.3638E-4
115.20          1.2746E-4
115.40          1.1824E-4
115.60          1.0901E-4
115.80          9.9778E-5
116.00          9.0759E-5
116.20          8.4827E-5
116.40          7.8685E-5
116.60          7.2543E-5
116.80          6.6401E-5
117.00          6.0399E-5
117.20          5.6451E-5
117.40          5.2364E-5
117.60          4.8277E-5
117.80          4.4190E-5
118.00          4.0195E-5
118.20          3.7568E-5
118.40          3.4848E-5
118.60          3.2128E-5
118.80          2.9408E-5
119.00          2.6749E-5
119.20          2.5001E-5
119.40          2.3191E-5
119.60          2.1381E-5
119.80          1.9571E-5
120.00          1.7802E-5
120.20          1.6638E-5
120.40          1.5433E-5
120.60          1.4229E-5
120.80          1.3024E-5
121.00          1.1847E-5
121.20          1.1072E-5
121.40          1.0271E-5
121.60          9.4691E-6
121.80          8.6674E-6
122.00          7.8839E-6
122.20          7.3686E-6
122.40          6.8351E-6
122.60          6.3016E-6
122.80          5.7681E-6
123.00          5.2467E-6
123.20          4.9037E-6
123.40          4.5487E-6
123.60          4.1936E-6
123.80          3.8386E-6
124.00          3.4916E-6
124.20          3.2634E-6
124.40          3.0271E-6
124.60          2.7908E-6
124.80          2.5545E-6
125.00          2.3236E-6
125.20          2.1717E-6
125.40          2.0145E-6
125.60          1.8573E-6
125.80          1.7000E-6
126.00          1.5463E-6
126.20          1.4453E-6
126.40          1.3406E-6
126.60          1.2360E-6
126.80          1.1313E-6
127.00          1.0291E-6
127.20          9.6179E-7
127.40          8.9215E-7
127.60          8.2251E-7
127.80          7.5287E-7
128.00          6.8481E-7
128.20          6.4004E-7
128.40          5.9369E-7
128.60          5.4735E-7
128.80          5.0100E-7
129.00          4.5465E-7
129.20          4.2591E-7
129.40          3.9506E-7
129.60          3.6421E-7
129.80          3.3336E-7
130.00          3.0322E-7
130.20          2.8338E-7
130.40          2.6285E-7
130.60          2.4232E-7
130.80          2.2178E-7
131.00          2.0125E-7
131.20          1.8851E-7
131.40          1.7484E-7
131.60          1.6116E-7
131.80          1.4749E-7
132.00          1.3413E-7
132.20          1.2533E-7
132.40          1.1622E-7
132.60          1.0711E-7
132.80          9.7998E-8
133.00          8.8887E-8
133.20          8.3222E-8
133.40          7.7142E-8
133.60          7.1063E-8
133.80          6.4983E-8
134.00          5.8903E-8
134.20          5.5108E-8
134.40          5.1037E-8
134.60          4.6966E-8
134.80          4.2894E-8
135.00          3.8823E-8
135.20          3.6261E-8
135.40          3.3513E-8
135.60          3.0766E-8
135.80          2.8018E-8
136.00          2.5270E-8
136.20          2.3511E-8
136.40          2.1625E-8
136.60          1.9739E-8
136.80          1.7853E-8
137.00          1.5967E-8
137.20          1.4713E-8
137.40          1.3372E-8
137.60          1.2030E-8
137.80          1.0689E-8
138.00          9.3476E-9
138.20          8.3897E-9
138.40          7.3674E-9
138.60          6.3450E-9
138.80          5.3227E-9
139.00          4.3003E-9
139.20          3.4769E-9
139.40          2.6017E-9
139.60          1.7265E-9
139.80          8.5133E-10
140.00          -2.3848E-11
140.00          NaN
140.20          NaN
140.40          NaN
140.60          NaN
140.80          NaN
141.00          NaN
141.20          NaN
141.40          NaN
141.60          NaN
141.80          NaN
142.00          NaN
142.20          NaN
142.40          NaN
142.60          NaN
142.80          NaN
143.00          NaN
143.20          NaN
143.40          NaN
143.60          NaN
143.80          NaN
144.00          NaN
144.20          NaN
144.40          NaN
144.60          NaN
144.80          NaN
145.00          NaN
145.20          NaN
145.40          NaN
145.60          NaN
145.80          NaN
146.00          NaN
146.20          NaN
146.40          NaN
146.60          NaN
146.80          NaN
147.00          NaN
147.20          NaN
147.40          NaN
147.60          NaN
147.80          NaN
148.00          NaN
148.20          NaN
148.40          NaN
148.60          NaN
148.80          NaN
149.00          NaN
149.20          NaN
149.40          NaN
149.60          NaN
149.80          NaN
150.00          NaN
150.20          NaN
150.40          NaN
150.60          NaN
150.80          NaN
151.00          NaN
151.20          NaN
151.40          NaN
151.60          NaN
151.80          NaN
152.00          NaN
152.20          NaN
152.40          NaN
152.60          NaN
152.80          NaN
153.00          NaN
153.20          NaN
153.40          NaN
153.60          NaN
153.80          NaN
154.00          NaN
154.20          NaN
154.40          NaN
154.60          NaN
154.80          NaN
155.00          NaN
155.20          NaN
155.40          NaN
155.60          NaN
155.80          NaN
156.00          NaN
156.20          NaN
156.40          NaN
156.60          NaN
156.80          NaN
157.00          NaN
157.20          NaN
157.40          NaN
157.60          NaN
157.80          NaN
158.00          NaN
158.20          NaN
158.40          NaN
158.60          NaN
158.80          NaN
159.00          NaN
159.20          NaN
159.40          NaN
159.60          NaN
159.80          NaN
160.00          NaN
